"X" "Y" "Epsilon"
1 1.00645317279446 0.00645317279445928
2 2.63210765924195 0.632107659241951
3 3.18660330218436 0.186603302184356
4 4.6925422091799 0.692542209179901
5 5.83203412493801 0.83203412493801
6 5.50529398669281 -0.494706013307186
7 6.66880235739275 -0.331197642607251
8 8.05443918833029 0.0544391883302889
9 9.54335181292099 0.543351812920991
10 10.3826110088644 0.382611008864436
11 11.5308070471307 0.530807047130747
12 12.7423862225488 0.742386222548809
13 12.1719206824292 -0.828079317570774
14 12.9348942684957 -1.06510573150434
15 14.8453770970823 -0.154622902917693
16 15.1926141732715 -0.807385826728547
17 15.5173584966918 -1.48264150330817
18 17.9018659488526 -0.0981340511474109
19 18.5788169048131 -0.421183095186921
20 19.6179888438239 -0.382011156176137
21 21.6718012827859 0.671801282785916
22 24.1711407368419 2.1711407368419
23 23.0280417309645 0.0280417309645062
24 25.0162377035558 1.01623770355583
25 26.7237286104546 1.72372861045465
26 26.6782375383195 0.678237538319483
27 27.1688385101129 0.168838510112889
28 29.5147741702488 1.51477417024878
29 29.0663629015213 0.0663629015212585
30 30.2866951777041 0.286695177704092
31 30.1750967474199 -0.824903252580074
32 30.2771462171591 -1.72285378284088
33 32.6947054480978 -0.30529455190222
34 35.4023233823543 1.40232338235427
35 33.6287382799687 -1.37126172003134
36 36.8031726263276 0.803172626327556
37 37.84219390798 0.842193907979972
38 39.2280445024923 1.22804450249232
39 38.0546607117815 -0.945339288218466
40 40.0539549721669 0.0539549721668559
41 38.142122965754 -2.85787703424603
42 41.0481874044256 -0.951812595574398
43 43.299799531859 0.299799531859045
44 45.9901655714347 1.99016557143474
45 44.8269793936853 -0.173020606314705
46 46.5331414724276 0.533141472427646
47 46.4603120681212 -0.539687931878789
48 47.0540483322755 -0.945951667724501
49 49.9086904632412 0.908690463241221
50 49.9944654012208 -0.00553459877915474
51 50.5374831806422 -0.462516819357821
52 52.7958024610683 0.79580246106831
53 53.4065118108644 0.406511810864433
54 55.4382085952317 1.43820859523172
55 55.1346776591142 0.134677659114177
56 57.4654052151563 1.46540521515626
57 56.3931878771781 -0.606812122821921
58 58.0473024130378 0.0473024130378044
59 59.553254111469 0.553254111469014
60 59.2743596831097 -0.725640316890341
61 62.4901141317544 1.49011413175439
62 61.8944887580729 -0.105511241927096
63 63.7625073770509 0.762507377050938
64 64.4831358383094 0.483135838309371
65 63.1884960948365 -1.81150390516349
66 67.0801366226114 1.08013662261138
67 66.3123058237875 -0.687694176212521
68 66.3824365140075 -1.61756348599247
69 69.4602825631604 0.460282563160391
70 70.2522386579918 0.252238657991766
71 68.9055984503311 -2.0944015496689
72 72.1432248911607 0.143224891160698
73 72.545344005462 -0.45465599453799
74 74.7755167911308 0.775516791130778
75 75.8499658179481 0.849965817948131
76 74.0409787226518 -1.9590212773482
77 75.3689915139088 -1.63100848609118
78 79.3365664844229 1.33656648442294
79 78.0800471823491 -0.919952817650889
80 80.1539087295077 0.153908729507749
81 81.2572602586911 0.257260258691119
82 81.4241356993421 -0.575864300657856
83 83.5476682283783 0.547668228378287
84 83.9461515789421 -0.053848421057876
85 85.2040385645804 0.204038564580437
86 84.8495587969539 -1.15044120304613
87 87.8036007052088 0.803600705208804
88 89.8121213986157 1.81212139861566
89 88.7472600172635 -0.252739982736515
90 89.0773440473095 -0.922655952690463
91 89.8629554048582 -1.13704459514184
92 93.2570461452169 1.25704614521691
93 92.6024423786227 -0.397557621377305
94 94.5057380368622 0.505738036862188
95 93.585581288369 -1.41441871163099
96 96.4252199492723 0.425219949272282
97 96.5041702003835 -0.495829799616541
98 98.5813305972285 0.581330597228475
99 99.0155564605722 0.0155564605721958
100 98.8081365983948 -1.19186340160518
101 99.701426235523 -1.29857376447701
102 105.037696834279 3.03769683427925
103 104.515992239662 1.51599223966234
104 104.116241190944 0.116241190944144
105 103.019184831516 -1.98081516848394
106 105.437455159246 -0.562544840753579
107 106.985311977882 -0.0146880221182822
108 106.559062803701 -1.44093719629881
109 108.018993567897 -0.981006432103289
110 109.037270388217 -0.962729611782866
111 110.496424302014 -0.503575697985599
112 110.871917692677 -1.12808230732328
113 112.530963865009 -0.46903613499078
114 113.691355472529 -0.308644527471355
115 114.86081451743 -0.139185482569562
116 115.904987893091 -0.095012106908861
117 116.119400599189 -0.880599400811364
118 118.384077971567 0.384077971567281
119 121.332041065031 2.33204106503052
120 119.696062169732 -0.303937830268117
121 120.552510921182 -0.447489078818055
122 125.728504070615 3.72850407061469
123 122.584514311117 -0.41548568888331
124 124.648102377486 0.648102377485777
125 124.835887117003 -0.164112882997405
126 126.428971313543 0.428971313543074
127 127.071645913272 0.0716459132719044
128 127.869623855996 -0.130376144004238
129 129.201993692994 0.201993692994117
130 129.170447221252 -0.829552778747512
131 130.492558698788 -0.507441301212262
132 133.469251228833 1.46925122883303
133 133.715951936067 0.715951936066971
134 134.280762129343 0.280762129342952
135 133.736912443688 -1.26308755631162
136 135.410181566128 -0.589818433872377
137 136.814344563695 -0.185655436304742
138 136.775602579508 -1.2243974204924
139 139.464118843586 0.464118843585977
140 139.923227454543 -0.0767725454569876
141 139.836593109604 -1.16340689039584
142 142.377341467931 0.377341467930505
143 142.618926502506 -0.381073497494305
144 144.951066285149 0.951066285148798
145 145.312548334641 0.312548334640711
146 145.177742092603 -0.82225790739748
147 146.246865531052 -0.753134468947929
148 146.802180855334 -1.19781914466599
149 149.488103774797 0.488103774797417
150 148.384612738185 -1.61538726181493
151 150.038512011381 -0.961487988619074
152 151.179357820977 -0.820642179023302
153 153.145185517977 0.145185517976811
154 153.53532494659 -0.46467505340989
155 155.404770586107 0.404770586106758
156 155.959541652381 -0.0404583476189272
157 158.408431727936 1.40843172793645
158 159.186833241901 1.18683324190122
159 160.92142781501 1.9214278150095
160 160.602634960164 0.602634960163916
161 161.699643949696 0.699643949695557
162 161.254740923389 -0.745259076611306
163 164.209518160794 1.20951816079394
164 164.224674240653 0.224674240653149
165 165.224415053506 0.224415053505818
166 165.63622582917 -0.363774170829729
167 169.782669579716 2.78266957971576
168 168.167593721021 0.167593721021141
169 169.998933807076 0.998933807076244
170 170.640572246536 0.640572246536005
171 170.369375693197 -0.630624306803282
172 173.157224534578 1.15722453457798
173 174.667513633021 1.66751363302062
174 173.93388182013 -0.0661181798703483
175 175.080316730175 0.0803167301753724
176 178.27438560026 2.27438560026029
177 177.179412746693 0.179412746693072
178 178.763426520333 0.763426520332766
179 177.606083189152 -1.39391681084798
180 178.811809206385 -1.18819079361471
181 182.789146040139 1.78914604013875
182 182.615303129775 0.615303129775139
183 183.640906453308 0.640906453308153
184 184.389073496978 0.389073496978475
185 186.25694092535 1.25694092534985
186 185.003613932762 -0.996386067238433
187 187.637526608057 0.637526608056557
188 189.142113888948 1.14211388894778
189 188.524940835627 -0.475059164373144
190 189.395745113274 -0.604254886725994
191 190.106880724894 -0.893119275106082
192 190.485251505823 -1.5147484941766
193 191.430730299655 -1.56926970034488
194 193.067055575345 -0.932944424655362
195 193.010404898366 -1.98959510163372
196 196.219880419861 0.219880419861157
197 196.312654268467 -0.687345731532845
198 195.96501874953 -2.03498125047016
199 197.478256243764 -1.52174375623621
200 200.838477443356 0.83847744335605
201 200.790568957663 -0.209431042337352
202 202.00358290213 0.00358290213009101
203 202.073972112271 -0.926027887728931
204 203.393552346034 -0.606447653966352
205 204.406299890632 -0.593700109368468
206 205.48238156297 -0.517618437030219
207 206.235251992717 -0.764748007283206
208 209.19136832141 1.19136832141034
209 208.392539936941 -0.607460063059386
210 212.040862980751 2.04086298075101
211 211.926218153552 0.926218153551503
212 211.148099506066 -0.851900493933914
213 213.664137049768 0.664137049767891
214 214.658582377653 0.658582377653304
215 215.715664233653 0.715664233653037
216 216.911569732787 0.911569732786798
217 215.508998944738 -1.49100105526235
218 218.046538207833 0.0465382078335003
219 218.621462366273 -0.378537633726771
220 219.879412744188 -0.120587255812012
221 222.058390819604 1.05839081960368
222 222.121626253367 0.12162625336707
223 224.972811264074 1.97281126407443
224 225.338508193755 1.33850819375537
225 224.944612910451 -0.055387089549048
226 226.470718637333 0.470718637332869
227 227.979583186029 0.979583186028552
228 227.730204226882 -0.269795773118333
229 229.493170111083 0.493170111082568
230 229.962961228022 -0.0370387719780018
231 230.931965976249 -0.0680340237511072
232 232.29808023558 0.298080235579578
233 233.600079228536 0.600079228535943
234 233.906812695021 -0.0931873049794754
235 233.761178128877 -1.23882187112342
236 236.402444697992 0.402444697991796
237 237.699435761424 0.699435761424109
238 238.871515490028 0.871515490028215
239 239.795118604218 0.795118604217682
240 238.119163589909 -1.88083641009065
241 241.523226971344 0.523226971344027
242 239.82102323553 -2.17897676447036
243 243.238673644171 0.23867364417062
244 245.422727483644 1.42272748364387
245 245.434758085325 0.434758085325108
246 246.322859323941 0.322859323941296
247 246.85368575722 -0.146314242780331
248 247.909407381462 -0.0905926185377792
249 249.85539315312 0.855393153120042
250 250.764482265272 0.764482265271653
251 249.715369338253 -1.28463066174671
252 251.771198543465 -0.228801456535294
253 252.383771990177 -0.616228009822654
254 253.516729703406 -0.483270296594364
255 256.219585661839 1.21958566183873
256 254.857210423632 -1.14278957636793
257 256.238109261236 -0.761890738764281
258 258.416670618234 0.416670618233565
259 259.668089902008 0.668089902008392
260 260.989216961441 0.989216961441296
261 260.576720191265 -0.423279808734851
262 261.990956060886 -0.00904393911395447
263 261.882556143229 -1.11744385677108
264 262.929638006726 -1.07036199327372
265 263.404735952953 -1.59526404704731
266 265.949418307365 -0.0505816926347349
267 267.849969946076 0.849969946075781
268 268.822024057832 0.822024057832107
269 269.390930091178 0.390930091178383
270 270.241297412207 0.241297412207385
271 270.477723451625 -0.522276548375321
272 271.200813184917 -0.799186815082783
273 270.699197781325 -2.30080221867483
274 274.493823023798 0.493823023797777
275 274.793615803869 -0.206384196130488
276 275.932836810321 -0.0671631896786888
277 276.160478066159 -0.839521933840844
278 278.342833999428 0.342833999428131
279 278.237680648189 -0.76231935181138
280 281.321825979856 1.32182597985602
281 280.720128493112 -0.279871506887811
282 281.462953391404 -0.537046608596018
283 282.367143278457 -0.632856721542624
284 283.900144152208 -0.099855847792207
285 285.530127063749 0.530127063748914
286 285.896392974826 -0.103607025174107
287 286.503588628165 -0.496411371835377
288 286.635265656892 -1.36473434310828
289 289.527665987248 0.527665987248096
290 289.825500581906 -0.174499418093701
291 290.471934567052 -0.52806543294825
292 292.348853307606 0.348853307605831
293 291.384175402068 -1.61582459793238
294 296.204022882103 2.20402288210317
295 294.239956186579 -0.760043813421118
296 295.606260649299 -0.39373935070134
297 295.815565165216 -1.18443483478373
298 297.602807127304 -0.397192872695682
299 298.405881612612 -0.594118387387703
300 298.60179365661 -1.39820634338951
301 301.286924225005 0.286924225005452
302 301.698526155841 -0.301473844159445
303 302.549792513104 -0.45020748689579
304 303.531933530458 -0.468066469542469
305 305.688801342553 0.688801342552872
306 305.203910347205 -0.796089652795147
307 307.643605970687 0.643605970687142
308 307.785192411619 -0.214807588381023
309 308.841582774287 -0.158417225713118
310 312.142035532017 2.14203553201718
311 311.126086156803 0.126086156803218
312 311.26890222815 -0.731097771850087
313 312.77990686917 -0.220093130830007
314 314.556074008853 0.556074008852958
315 316.116646456093 1.11664645609343
316 316.399951473963 0.399951473962822
317 316.562243516375 -0.43775648362546
318 318.571882028225 0.571882028224882
319 317.096856009116 -1.90314399088449
320 321.180926841608 1.18092684160808
321 319.655845120269 -1.34415487973083
322 322.179829693868 0.179829693868005
323 322.705928501424 -0.294071498575861
324 326.120878620826 2.1208786208261
325 324.968670029082 -0.0313299709180944
326 326.192042580138 0.192042580137817
327 326.13912872505 -0.860871274949625
328 327.310048073792 -0.689951926208408
329 327.25626881731 -1.74373118268996
330 330.998204726128 0.998204726127697
331 331.233006262291 0.233006262290782
332 331.039714991535 -0.960285008464963
333 332.4382907122 -0.561709287799828
334 334.521359866517 0.521359866516795
335 336.096181413226 1.09618141322585
336 336.35212304306 0.352123043060227
337 336.123807488715 -0.876192511284914
338 338.299228734937 0.29922873493726
339 338.670221458817 -0.329778541183163
340 340.661261481658 0.6612614816579
341 340.424970734351 -0.575029265648951
342 342.941168422307 0.941168422306876
343 343.435731262167 0.435731262166888
344 344.247869397513 0.247869397513407
345 344.530412863072 -0.469587136928278
346 346.382058584349 0.382058584349307
347 345.874825133389 -1.1251748666115
348 348.024977634957 0.0249776349574709
349 346.975257882708 -2.0247421172925
350 350.550006496204 0.55000649620399
351 350.966647387433 -0.0333526125669417
352 352.40539394639 0.405393946389732
353 353.135781870337 0.135781870336851
354 353.868141484731 -0.131858515268996
355 355.546021600052 0.54602160005183
356 355.044271793599 -0.955728206400677
357 357.405986920768 0.4059869207684
358 358.703258318279 0.703258318279272
359 357.343686959233 -1.65631304076678
360 358.185467618928 -1.81453238107245
361 360.823771535222 -0.176228464778198
362 361.464971437795 -0.535028562204757
363 361.747809982714 -1.25219001728626
364 364.65513513515 0.655135135149703
365 363.292482428752 -1.70751757124809
366 366.868589052326 0.86858905232611
367 366.221372726699 -0.778627273300884
368 367.02218173732 -0.977818262679983
369 369.011550065602 0.0115500656021214
370 369.92531341011 -0.0746865898899932
371 371.946503595272 0.946503595271875
372 372.083914142118 0.0839141421178534
373 373.246451211544 0.246451211544473
374 374.143222918736 0.143222918735556
375 373.379949884596 -1.62005011540428
376 375.729058926986 -0.270941073013939
377 376.776764106463 -0.223235893537125
378 377.306710305132 -0.693289694867673
379 378.956680310244 -0.043319689755734
380 380.131774200056 0.131774200055732
381 380.497556384516 -0.502443615483641
382 382.337945848126 0.337945848126169
383 381.831439213269 -1.16856078673084
384 384.5682121556 0.568212155600049
385 382.594967368867 -2.40503263113324
386 386.697477086027 0.697477086026569
387 386.685441665378 -0.314558334622063
388 389.600265704007 1.60026570400677
389 389.541192284148 0.541192284147726
390 390.432146152465 0.432146152464659
391 392.19605355354 1.19605355354035
392 391.432191478228 -0.567808521772345
393 393.757796992884 0.757796992883771
394 393.032070268118 -0.967929731882277
395 394.947015790659 -0.0529842093413218
396 396.028211046515 0.0282110465145405
397 397.539030829066 0.539030829065811
398 398.787640710791 0.787640710790857
399 398.290535031103 -0.709464968896571
400 402.009802832205 2.0098028322052
401 401.056314784394 0.0563147843943599
402 401.953013782237 -0.0469862177625332
403 403.14742215042 0.14742215042018
404 403.724288253375 -0.275711746625204
405 404.877594892328 -0.122405107672012
406 403.450670822283 -2.54932917771724
407 406.68327074053 -0.316729259470452
408 409.673354995807 1.67335499580659
409 408.924004263344 -0.0759957366557256
410 409.788472888645 -0.21152711135522
411 408.657978271369 -2.34202172863081
412 413.06718847383 1.06718847383043
413 411.324287429068 -1.67571257093207
414 412.277969105403 -1.72203089459655
415 416.900702877333 1.90070287733323
416 415.328040378055 -0.671959621945186
417 415.820739405348 -1.17926059465239
418 419.457881893552 1.45788189355158
419 419.705531117203 0.705531117202754
420 421.242176180788 1.24217618078847
421 420.847852694242 -0.152147305757803
422 421.674763492653 -0.325236507347053
423 423.751043121131 0.751043121130627
424 424.942617141651 0.94261714165069
425 424.061525658885 -0.938474341114633
426 425.855760011126 -0.144239988874471
427 427.661714038586 0.661714038585836
428 428.060975673812 0.0609756738117058
429 430.495578019974 1.49557801997359
430 430.732359086005 0.732359086004539
431 431.702446544424 0.7024465444242
432 430.19231709752 -1.80768290248046
433 433.199953704367 0.199953704366713
434 433.253990053267 -0.746009946732613
435 434.556551324315 -0.443448675685203
436 436.125197892791 0.125197892790715
437 436.578588980327 -0.42141101967311
438 439.3323318941 1.33233189410003
439 438.608620452023 -0.39137954797712
440 439.946226747597 -0.053773252403319
441 440.325393145689 -0.674606854310728
442 443.448752949182 1.44875294918158
443 443.044058975968 0.0440589759680054
444 444.599188884668 0.599188884668284
445 443.703779849659 -1.29622015034141
446 444.76022772384 -1.23977227616004
447 447.498647623328 0.498647623328373
448 448.504186520024 0.504186520023944
449 448.226128528828 -0.773871471171881
450 450.304673056403 0.304673056403228
451 451.489080982335 0.489080982334793
452 451.586698181305 -0.41330181869517
453 454.072395590462 1.07239559046224
454 453.917927158366 -0.0820728416338483
455 454.067324133166 -0.93267586683356
456 453.54997355764 -2.45002644236008
457 458.412860279222 1.41286027922198
458 458.252361826946 0.252361826946092
459 459.931855094925 0.931855094924711
460 460.113592189042 0.113592189041616
461 461.006983884307 0.00698388430686631
462 461.357478902418 -0.642521097581748
463 463.745574102801 0.745574102801245
464 463.568746976702 -0.431253023297915
465 464.495474008721 -0.504525991278647
466 464.800914361645 -1.1990856383554
467 467.855399841244 0.855399841244229
468 466.828156446122 -1.17184355387815
469 467.568402556348 -1.43159744365153
470 471.285097305332 1.28509730533161
471 470.023256276761 -0.976743723238807
472 472.34898666011 0.348986660109868
473 472.221653056476 -0.778346943524395
474 474.621794438674 0.621794438674067
475 476.190600840252 1.19060084025205
476 476.209331582852 0.209331582852112
477 476.078298562906 -0.921701437093958
478 477.116639233157 -0.883360766843073
479 478.961275268281 -0.0387247317188169
480 481.616917944241 1.6169179442412
481 479.99833325115 -1.00166674885042
482 482.165103929296 0.165103929296361
483 483.661312552451 0.661312552451403
484 483.470143464548 -0.529856535452099
485 485.364767937414 0.364767937414457
486 484.990960934612 -1.00903906538851
487 486.455727159443 -0.544272840557411
488 490.382072554083 2.38207255408272
489 489.354190626817 0.354190626817472
490 491.738874886487 1.73887488648688
491 490.432172238516 -0.567827761483663
492 491.99926366141 -0.000736338589937006
493 492.643560259271 -0.356439740728854
494 494.901267071426 0.901267071426064
495 493.106601722122 -1.89339827787808
496 495.550647644997 -0.449352355002548
497 496.22477496927 -0.775225030729892
498 497.54706964418 -0.452930355820105
499 498.631388003355 -0.36861199664547
500 499.000146363261 -0.999853636738927
501 500.240922737727 -0.759077262273283
502 503.28148420479 1.28148420479034
503 501.767819986092 -1.23218001390811
504 504.188919511957 0.18891951195661
505 505.465329542336 0.46532954233615
506 507.664081885726 1.66408188572577
507 505.967160867845 -1.03283913215537
508 506.931400597481 -1.06859940251898
509 509.938109767185 0.938109767185105
510 509.051361359678 -0.948638640322434
511 510.905532780857 -0.0944672191429695
512 510.904308616348 -1.09569138365172
513 513.106337924002 0.106337924002218
514 513.24852017982 -0.751479820180049
515 513.861963112417 -1.13803688758291
516 515.375100913288 -0.624899086712153
517 515.540463546272 -1.45953645372774
518 517.045711403374 -0.954288596625856
519 518.731493080512 -0.268506919488286
520 517.532070784668 -2.46792921533173
521 522.014073205509 1.01407320550876
522 522.268760896884 0.268760896884388
523 523.417587852025 0.417587852024798
524 524.588696789562 0.588696789562341
525 524.724918809918 -0.275081190081563
526 526.178459403925 0.178459403925246
527 524.876218300158 -2.12378169984236
528 527.406967224106 -0.593032775893849
529 527.491535984131 -1.50846401586935
530 530.701432369011 0.701432369010732
531 531.873073702996 0.873073702996304
532 531.986962443516 -0.0130375564838593
533 530.795612521891 -2.20438747810941
534 533.296545087921 -0.703454912078833
535 536.048337418074 1.04833741807428
536 536.512976232776 0.512976232775592
537 536.139145913686 -0.860854086314466
538 537.247300757397 -0.752699242602678
539 541.421708076001 2.42170807600073
540 542.002029513765 2.00202951376472
541 539.924761434302 -1.07523856569829
542 540.954541627153 -1.04545837284724
543 542.59654079982 -0.403459200179746
544 545.411301224441 1.41130122444093
545 544.4102592977 -0.589740702299969
546 546.450471519149 0.450471519149135
547 546.467074156841 -0.532925843159311
548 547.008186338481 -0.991813661519348
549 550.1012303536 1.1012303535996
550 549.270834587304 -0.729165412696189
551 550.98892908887 -0.011070911130063
552 551.336848270009 -0.663151729991223
553 552.556549877771 -0.443450122229024
554 553.976421208124 -0.0235787918757198
555 555.071502626257 0.0715026262574384
556 554.742508345868 -1.25749165413182
557 556.029082948488 -0.970917051512238
558 559.432255843608 1.43225584360789
559 558.47944324071 -0.520556759290486
560 560.807973682361 0.807973682361454
561 561.920115277143 0.920115277143237
562 562.648213363688 0.648213363688329
563 563.294363133817 0.294363133817196
564 563.123219494724 -0.876780505276087
565 565.318732724741 0.31873272474134
566 567.528687139207 1.52868713920711
567 566.809107362102 -0.190892637897839
568 568.975490704753 0.975490704752904
569 568.790038369118 -0.209961630881883
570 569.02501346847 -0.974986531529797
571 571.477768083395 0.477768083395172
572 569.505019658331 -2.49498034166897
573 572.746136326933 -0.253863673066982
574 573.97181975295 -0.0281802470505316
575 577.540608507014 2.54060850701376
576 575.456713330853 -0.543286669147361
577 576.968556854547 -0.0314431454526123
578 578.392639554374 0.39263955437389
579 579.523665169566 0.523665169566508
580 579.822809440463 -0.177190559536649
581 581.193754139941 0.193754139940766
582 582.385335616973 0.385335616973377
583 582.896597417133 -0.103402582867462
584 583.572888302749 -0.427111697250516
585 585.577344146455 0.577344146454621
586 586.116137195613 0.116137195612477
587 585.416490498067 -1.58350950193298
588 589.033272773121 1.03327277312136
589 589.254720371608 0.254720371607867
590 588.343962089502 -1.65603791049845
591 590.768758197028 -0.231241802971777
592 593.199684611182 1.19968461118245
593 591.227594450887 -1.77240554911265
594 594.899214058787 0.899214058787092
595 594.864079511226 -0.135920488774085
596 598.6236618769 2.62366187689952
597 598.266281077431 1.26628107743098
598 597.804722794127 -0.195277205873184
599 598.31655118352 -0.683448816480136
600 600.288516748409 0.288516748409146
601 600.482789677259 -0.517210322741454
602 602.342446317666 0.342446317666246
603 603.172279886956 0.172279886956437
604 603.873973903392 -0.126026096607876
605 604.544354556651 -0.45564544334886
606 604.623511396082 -1.37648860391808
607 606.989790409235 -0.0102095907651574
608 608.179991696667 0.179991696667364
609 609.667608561906 0.66760856190568
610 611.620031932728 1.62003193272849
611 610.911395045797 -0.0886049542033859
612 612.209052447496 0.209052447496178
613 613.979052172992 0.979052172991905
614 615.248747490066 1.24874749006558
615 615.269476020131 0.269476020130622
616 615.916588811311 -0.0834111886893505
617 614.76677732482 -2.23322267517991
618 616.602178578602 -1.39782142139802
619 618.904831653203 -0.0951683467968118
620 620.088728686915 0.0887286869145555
621 622.797525505801 1.79752550580125
622 622.738348216424 0.73834821642376
623 622.173794118257 -0.826205881742984
624 623.917686169982 -0.0823138300175475
625 626.009681191982 1.00968119198176
626 626.701010666397 0.701010666397339
627 628.499805936856 1.49980593685598
628 627.426867582135 -0.573132417864609
629 630.551585703562 1.55158570356222
630 630.872770316305 0.872770316305178
631 631.320775270093 0.320775270093477
632 631.654791319567 -0.345208680432796
633 632.341632915008 -0.658367084991748
634 634.890206385376 0.890206385375911
635 636.081820719768 1.08182071976809
636 635.851173082749 -0.148826917251311
637 636.800304295796 -0.19969570420397
638 638.850857436344 0.850857436343579
639 639.690361075331 0.690361075330975
640 638.122321626826 -1.87767837317441
641 640.690913464238 -0.309086535762204
642 642.535653513602 0.535653513602198
643 642.354131980569 -0.645868019430902
644 644.595968788393 0.595968788392598
645 645.778788267146 0.778788267145919
646 645.609760398747 -0.390239601253444
647 645.199387333999 -1.80061266600055
648 648.405006251852 0.405006251851798
649 649.966606710816 0.966606710815792
650 650.005508290932 0.00550829093182111
651 651.838947711019 0.838947711019075
652 652.723935878644 0.723935878644274
653 652.782982268835 -0.217017731165099
654 653.370601821608 -0.62939817839205
655 653.165888078823 -1.83411192117687
656 656.390605634188 0.390605634188354
657 657.136994402701 0.13699440270092
658 657.784959971171 -0.215040028829465
659 658.421265642821 -0.578734357179358
660 659.827791979636 -0.172208020363736
661 660.258598873231 -0.741401126768516
662 662.078342486124 0.0783424861236126
663 663.83604416364 0.836044163639918
664 663.080216240012 -0.919783759987735
665 664.636582108251 -0.363417891748748
666 664.288252743266 -1.71174725673451
667 669.744006398699 2.74400639869885
668 667.435848988928 -0.564151011072055
669 668.13472549379 -0.865274506209962
670 671.062407477667 1.06240747766698
671 672.771632337926 1.771632337926
672 672.096539647443 0.0965396474430086
673 674.746336764412 1.74633676441215
674 675.41421506353 1.41421506353007
675 675.288974723011 0.288974723011423
676 676.259135881216 0.259135881216201
677 675.131043793705 -1.86895620629517
678 677.770984865867 -0.2290151341326
679 679.090646487893 0.0906464878932814
680 679.630063709337 -0.369936290663343
681 681.618527860384 0.618527860384055
682 682.239602195974 0.239602195973868
683 680.764880071447 -2.23511992855331
684 684.012071345154 0.0120713451542364
685 685.828288596259 0.828288596258792
686 685.513242325789 -0.48675767421067
687 686.697520548888 -0.302479451111588
688 689.766783678376 1.76678367837579
689 689.480488481571 0.480488481570497
690 691.372637645693 1.37263764569285
691 689.282120550654 -1.71787944934551
692 693.398721342142 1.398721342142
693 694.039310740922 1.03931074092212
694 694.212031402204 0.212031402203653
695 694.82704941228 -0.172950587720029
696 696.387106953112 0.387106953112119
697 696.177146115124 -0.822853884875625
698 697.792650090286 -0.207349909714046
699 698.126020024272 -0.87397997572755
700 699.744705030991 -0.255294969008578
701 701.974422019169 0.974422019169193
702 700.102876390356 -1.89712360964429
703 701.862833256043 -1.13716674395741
704 703.132630699449 -0.867369300551224
705 705.347408199027 0.347408199027476
706 705.579319951861 -0.420680048138612
707 706.027367560124 -0.972632439876112
708 708.752759010844 0.752759010844348
709 710.851019413178 1.85101941317754
710 709.462535022318 -0.537464977682532
711 713.563392842978 2.56339284297771
712 712.354961224034 0.354961224033674
713 710.859928854512 -2.14007114548804
714 714.694798949746 0.694798949745497
715 714.730065123633 -0.269934876367363
716 715.410921567848 -0.589078432151579
717 717.218744206488 0.218744206488209
718 718.253257097045 0.253257097044787
719 719.795829576161 0.795829576160821
720 718.842340101687 -1.15765989831315
721 720.992487642157 -0.00751235784272795
722 722.509238470287 0.509238470286538
723 721.811575591997 -1.18842440800252
724 724.346278138012 0.3462781380123
725 725.946139756845 0.946139756844551
726 726.008125026965 0.00812502696454826
727 726.237589397193 -0.762410602806715
728 728.287682601834 0.287682601833761
729 729.797456150341 0.797456150341151
730 729.178723783342 -0.821276216657869
731 732.153865462164 1.15386546216431
732 731.074833671757 -0.92516632824315
733 734.480116290958 1.48011629095768
734 732.979058203753 -1.02094179624737
735 735.090051552176 0.0900515521759896
736 735.350492707135 -0.649507292865159
737 738.162950395804 1.16295039580403
738 738.471767828071 0.471767828070829
739 736.941112720093 -2.05888727990704
740 739.771676444779 -0.228323555221361
741 740.037327365843 -0.962672634156546
742 742.354576604234 0.3545766042336
743 743.356660790673 0.35666079067337
744 744.572842742452 0.572842742452109
745 743.905283296024 -1.09471670397611
746 747.180279034309 1.18027903430953
747 748.256973805789 1.25697380578895
748 746.434290543242 -1.56570945675849
749 748.565515424559 -0.434484575440984
750 750.092850013005 0.0928500130048856
751 751.191990830494 0.191990830494291
752 751.678267283366 -0.3217327166336
753 752.33124552425 -0.668754475749933
754 755.323707183758 1.32370718375798
755 757.728689146353 2.72868914635297
756 755.199724913678 -0.80027508632222
757 756.577819114408 -0.422180885592163
758 757.215204217285 -0.784795782714614
759 759.832662818655 0.832662818654872
760 759.688822718928 -0.311177281071601
761 761.401753048505 0.401753048505056
762 761.213893821846 -0.786106178153928
763 762.447175199133 -0.552824800867337
764 764.057309515979 0.0573095159794201
765 764.306337131866 -0.693662868133605
766 766.707076910061 0.707076910061315
767 767.599047498635 0.599047498634906
768 766.187452517381 -1.81254748261933
769 770.458961385231 1.45896138523046
770 771.635993967482 1.63599396748203
771 771.546927515054 0.546927515053825
772 772.16636977085 0.166369770850374
773 772.013650255464 -0.986349744536109
774 773.849491499207 -0.150508500793047
775 775.632634176777 0.632634176776611
776 774.396923459041 -1.60307654095944
777 777.340174941441 0.340174941441456
778 779.645904154803 1.6459041548027
779 780.016227830738 1.01622783073822
780 779.347705506661 -0.652294493338843
781 781.954325328899 0.954325328898662
782 782.784906925178 0.784906925178279
783 783.680033620521 0.680033620521253
784 784.558065254815 0.558065254814717
785 784.677171628273 -0.322828371726543
786 784.922602290631 -1.07739770936904
787 787.816495153542 0.816495153542042
788 789.698809100462 1.6988091004618
789 789.89082784292 0.890827842920293
790 789.112017425614 -0.88798257438609
791 790.397445191317 -0.602554808683143
792 792.307965756327 0.307965756327395
793 792.581336409222 -0.418663590777786
794 795.558866101688 1.55886610168801
795 795.952615746362 0.95261574636218
796 796.400613146361 0.400613146360984
797 797.108844504964 0.108844504963818
798 796.800392503325 -1.19960749667464
799 798.033501011966 -0.966498988034465
800 800.194409584988 0.194409584988193
801 800.055045372776 -0.944954627223911
802 802.937343640698 0.937343640698059
803 802.771921247018 -0.228078752982037
804 803.831458732025 -0.168541267975207
805 804.052496814504 -0.947503185496245
806 805.470065196998 -0.529934803001833
807 805.090483540705 -1.90951645929532
808 807.711527942869 -0.288472057131351
809 809.290956943204 0.290956943204173
810 808.467571656962 -1.53242834303783
811 811.74256935698 0.742569356980225
812 812.81396114619 0.813961146189791
813 812.911129233235 -0.0888707667652716
814 813.688220176427 -0.311779823572894
815 815.555899822869 0.555899822868808
816 814.544464201824 -1.45553579817554
817 818.019815131276 1.01981513127621
818 817.475973466799 -0.524026533200949
819 820.359928765537 1.35992876553685
820 818.025162937819 -1.97483706218059
821 820.520462153522 -0.479537846478384
822 822.713728321758 0.713728321758272
823 823.758307607855 0.75830760785491
824 825.021895215403 1.02189521540333
825 824.621529203121 -0.378470796878797
826 824.703971610003 -1.29602838999729
827 826.998986128341 -0.00101387165898793
828 827.1591698793 -0.8408301207
829 827.619606697796 -1.38039330220442
830 829.25471965461 -0.745280345390507
831 829.858682996745 -1.14131700325489
832 833.238283480418 1.23828348041757
833 833.406948659494 0.406948659494182
834 833.387755396562 -0.612244603438384
835 834.789621256594 -0.21037874340625
836 835.431626757152 -0.56837324284749
837 836.961072077243 -0.0389279227568281
838 836.608105430555 -1.39189456944515
839 840.639735348799 1.6397353487987
840 839.886546760585 -0.113453239415238
841 840.208841030484 -0.791158969516205
842 841.134799206156 -0.865200793843562
843 843.664795834929 0.664795834929243
844 843.15221694809 -0.847783051909949
845 844.269042886763 -0.730957113236809
846 849.15637937922 3.15637937922025
847 846.63183322807 -0.368166771930186
848 846.724951031654 -1.27504896834568
849 847.041740121901 -1.95825987809941
850 850.65445156201 0.654451562009472
851 850.633001727915 -0.366998272085463
852 853.029812946671 1.02981294667055
853 852.876741008669 -0.123258991331163
854 852.785424898547 -1.21457510145287
855 854.326298896341 -0.673701103658669
856 857.847005460909 1.84700546090856
857 856.281500789639 -0.718499210361185
858 858.936748329733 0.93674832973259
859 859.128438281757 0.128438281757443
860 859.206535003912 -0.793464996087788
861 859.669796350387 -1.33020364961275
862 862.397163624715 0.397163624714712
863 862.175766179782 -0.824233820218335
864 866.198048541879 2.19804854187874
865 862.784027215248 -2.21597278475167
866 865.702342820271 -0.297657179729085
867 866.467957936237 -0.532042063762805
868 867.510078866383 -0.489921133617165
869 869.085701352098 0.0857013520980602
870 870.857831108765 0.857831108764868
871 872.06964047095 1.06964047095018
872 871.462620029241 -0.537379970759027
873 871.060052538099 -1.93994746190107
874 873.516682702882 -0.483317297117497
875 875.55228038322 0.552280383219884
876 874.692440072178 -1.30755992782169
877 878.789491417657 1.78949141765747
878 877.655661298821 -0.344338701178613
879 877.625127628396 -1.37487237160427
880 881.5101903978 1.51019039780003
881 880.251077968564 -0.748922031436126
882 882.216358797309 0.216358797308882
883 882.681982154592 -0.31801784540759
884 884.785573130978 0.785573130977543
885 885.366537252396 0.366537252396511
886 885.782836306327 -0.217163693673025
887 888.556580038028 1.5565800380275
888 888.552608570616 0.552608570615885
889 887.155912563281 -1.84408743671944
890 889.834513710567 -0.165486289433067
891 891.036183790928 0.0361837909275704
892 891.210922160169 -0.789077839830879
893 892.829592968655 -0.17040703134543
894 894.134689956729 0.134689956729455
895 896.40751464125 1.40751464124958
896 897.4623621592 1.46236215919996
897 897.890883883349 0.890883883348879
898 899.177778022261 1.17777802226151
899 897.804501367694 -1.19549863230635
900 899.130008613657 -0.869991386343025
901 900.584220493967 -0.41577950603301
902 900.644783918598 -1.35521608140218
903 904.67725913141 1.67725913140981
904 904.89963111319 0.899631113190307
905 904.806496168723 -0.193503831276533
906 905.037735045161 -0.962264954839437
907 905.834046285793 -1.16595371420669
908 908.21427753064 0.214277530639578
909 909.745092986272 0.7450929862715
910 908.638098938657 -1.3619010613429
911 910.682121114046 -0.317878885954259
912 911.941489607984 -0.0585103920160536
913 913.335233303283 0.335233303283291
914 914.656598856681 0.656598856680581
915 914.244495035922 -0.755504964077717
916 916.641032420095 0.641032420095504
917 918.219898035631 1.21989803563084
918 918.499235704047 0.499235704046558
919 919.122869138939 0.122869138938659
920 920.995359799792 0.995359799792176
921 920.560228112034 -0.439771887966475
922 921.619212564765 -0.380787435234728
923 924.508452544445 1.5084525444449
924 924.172623038764 0.172623038764319
925 925.230545360655 0.230545360655454
926 926.856296870324 0.856296870323852
927 925.41834678145 -1.58165321854961
928 926.873874618458 -1.12612538154229
929 930.174349419212 1.17434941921249
930 930.084034392267 0.0840343922670169
931 931.000314033052 0.000314033051752762
932 933.321256152144 1.32125615214423
933 932.76446105829 -0.235538941710126
934 933.047406121935 -0.95259387806555
935 934.171294545639 -0.828705454360933
936 933.69655742571 -2.30344257429012
937 937.239431956111 0.23943195611078
938 937.994413802565 -0.00558619743494171
939 938.945258404159 -0.0547415958413554
940 939.986489976022 -0.0135100239782497
941 939.962848830516 -1.03715116948435
942 942.362058208698 0.362058208698023
943 943.923628065445 0.923628065444566
944 944.438140931913 0.438140931912893
945 943.931679434883 -1.06832056511688
946 947.169380485798 1.16938048579818
947 947.744776410928 0.744776410927555
948 947.433032002307 -0.566967997692988
949 949.336508765988 0.336508765988251
950 949.971738537326 -0.0282614626741061
951 950.814369774331 -0.185630225669203
952 952.534683446557 0.534683446556567
953 951.530032953842 -1.46996704615785
954 954.515211335627 0.515211335627125
955 955.685269301762 0.685269301761766
956 955.214399757265 -0.785600242735193
957 957.706500929216 0.706500929216218
958 956.380516245436 -1.61948375456415
959 960.243283384759 1.2432833847586
960 959.230673364605 -0.76932663539512
961 961.398174611647 0.398174611647372
962 962.330081056242 0.33008105624243
963 963.034029367064 0.0340293670637698
964 965.191764676866 1.19176467686604
965 966.585669030754 1.58566903075402
966 966.323714564671 0.323714564671325
967 965.019294647742 -1.98070535225813
968 967.99379751555 -0.00620248444973211
969 967.841361244788 -1.15863875521236
970 969.816910917488 -0.183089082511834
971 972.37674088206 1.37674088205956
972 971.18323915581 -0.816760844190421
973 973.256304932386 0.256304932386371
974 974.054561213831 0.0545612138310884
975 973.631604633101 -1.36839536689937
976 976.751238318958 0.751238318957861
977 976.045978480187 -0.95402151981279
978 978.536463557684 0.536463557683634
979 978.039793022422 -0.960206977578445
980 979.676012570153 -0.323987429847231
981 982.890189947883 1.8901899478833
982 984.171985305017 2.17198530501712
983 982.624619599738 -0.375380400262484
984 985.30631769608 1.30631769608016
985 985.147972595526 0.147972595525623
986 985.655928655302 -0.344071344697742
987 985.346719752949 -1.65328024705071
988 987.379256604794 -0.620743395205522
989 989.011366925725 0.0113669257252448
990 988.47912467084 -1.52087532916025
991 990.883604554006 -0.116395445994143
992 991.793813028228 -0.206186971772229
993 993.959231568163 0.95923156816269
994 994.092625522307 0.0926255223074342
995 996.462110154386 1.46211015438572
996 996.515574699901 0.515574699900634
997 997.234135116898 0.234135116897618
998 997.937988101707 -0.0620118982931609
999 998.2978239005 -0.70217609950044
1000 1001.6849322905 1.6849322904959
